2.1198
-4.0092
5.9170
-7.2600
8.0802
-7.5038
6.1602
-4.1257
2.2121
-0.5412
-0.2225
0.6384
-0.6312
0.4132
-0.3911
0.2004
-0.1828
0.1265
-0.0464
0.0467
0.0073
-0.0736
0.1268
-0.2309
0.2437
-0.2284
0.1826
-0.0614
0.0445
0.0269
-0.0211
0.0109
-0.0231
0.0014
-0.0108
0.0072
-0.0022
0.0036
-0.0003
-0.0002
-0.0004
0.1912
-0.4574
0.6449
-0.7690
0.7055
-0.4448
0.2225
-0.0443
-0.0940
0.0671
-0.0799
0.0490
-0.0022
0.0279
-0.0017
0.0014
-0.0111
0.0001
-0.0034
0.0011
-0.0005
-0.3357
0.8632
-1.3969
1.8151
-1.6784
1.3102
-0.7587
0.2258
0.0084
-0.1639
0.1410
-0.0882
0.0828
-0.0446
0.0534
-0.0347
0.0164
-0.0110
-0.0018
-0.0003
0.0003
-0.0045
0.0876
-0.3074
0.5032
-0.6166
0.5625
-0.3285
0.1356
0.0121
-0.0759
0.0423
-0.0268
0.0276
-0.0157
0.0186
-0.0116
0.0051
-0.0057
0.0019
-0.0003
-0.0011
