   -0.0017
    0.0172
    0.0018
    0.0088
   -0.0018
    0.0015
    0.0008
    0.0114
   -0.0077
   -0.0212
   -0.0138
   -0.0004
   -0.0120
   -0.0086
    0.0020
   -0.0192
   -0.0291
   -0.0213
   -0.0141
   -0.0175
   -0.0207
   -0.0297
   -0.0362
   -0.0368
   -0.0534
   -0.0417
   -0.0373
   -0.0333
   -0.0269
   -0.0563
   -0.0290
   -0.0431
   -0.0417
   -0.0357
   -0.0474
   -0.0579
   -0.0544
   -0.0613
   -0.0622
   -0.0469
   -0.0356
   -0.0584
   -0.0506
   -0.0432
   -0.0458
   -0.0517
   -0.0525
   -0.0562
   -0.0469
   -0.0514
   -0.0547
   -0.0446
   -0.0388
   -0.0658
   -0.0636
   -0.0687
   -0.0673
   -0.0605
   -0.0588
   -0.0711
   -0.0646
   -0.0636
   -0.0663
   -0.0507
   -0.0795
   -0.0670
   -0.0719
   -0.0621
   -0.0702
   -0.0790
   -0.0771
   -0.0610
   -0.0724
   -0.0797
   -0.0675
   -0.0722
   -0.0932
   -0.1009
   -0.0812
   -0.0895
   -0.0824
   -0.0693
   -0.0933
   -0.0784
   -0.0861
   -0.0870
   -0.0789
   -0.0845
   -0.0788
   -0.0793
   -0.0799
   -0.0904
   -0.0886
   -0.0856
   -0.1010
   -0.0835
   -0.0839
   -0.0919
   -0.0951
    0.0025
