    0.3376
    0.3444
    0.3444
    0.3496
    0.3496
    0.3534
    0.3534
    0.3555
    0.3555
    0.3562
    0.3562
    0.3554
    0.3554
    0.3530
    0.3530
    0.3493
    0.3493
    0.3441
    0.3441
    0.3375
    0.3375
    0.3297
    0.3297
    0.3205
    0.3205
    0.3101
    0.3101
    0.2986
    0.2986
    0.2859
    0.2859
    0.2722
    0.2722
    0.2575
    0.2575
    0.2419
    0.2419
    0.2255
    0.2255
    0.2083
    0.2083
    0.1904
    0.1904
    0.1719
    0.1719
    0.1529
    0.1529
    0.1334
    0.1334
    0.1136
    0.1136
    0.0934
    0.0934
    0.0730
    0.0730
    0.0525
    0.0525
    0.0319
    0.0319
    0.0114
    0.0114
   -0.0091
   -0.0091
   -0.0294
   -0.0294
   -0.0494
   -0.0494
   -0.0692
   -0.0692
   -0.0885
   -0.0885
   -0.1074
   -0.1074
   -0.1258
   -0.1258
   -0.1436
   -0.1436
   -0.1607
   -0.1607
   -0.1772
   -0.1772
   -0.1928
   -0.1928
   -0.2077
   -0.2077
   -0.2217
   -0.2217
   -0.2348
   -0.2348
   -0.2470
   -0.2470
   -0.2582
   -0.2582
   -0.2683
   -0.2683
   -0.2774
   -0.2774
   -0.2855
   -0.2855
    0.0018
