    0.0349
    0.0349
    0.0349
    0.0345
    0.0345
    0.0339
    0.0339
    0.0330
    0.0330
    0.0319
    0.0319
    0.0305
    0.0305
    0.0289
    0.0289
    0.0271
    0.0271
    0.0251
    0.0251
    0.0230
    0.0230
    0.0206
    0.0206
    0.0181
    0.0181
    0.0155
    0.0155
    0.0127
    0.0127
    0.0098
    0.0098
    0.0069
    0.0069
    0.0038
    0.0038
    0.0007
    0.0007
   -0.0025
   -0.0025
   -0.0057
   -0.0057
   -0.0089
   -0.0089
   -0.0122
   -0.0122
   -0.0155
   -0.0155
   -0.0187
   -0.0187
   -0.0220
   -0.0220
   -0.0252
   -0.0252
   -0.0284
   -0.0284
   -0.0316
   -0.0316
   -0.0348
   -0.0348
   -0.0379
   -0.0379
   -0.0409
   -0.0409
   -0.0439
   -0.0439
   -0.0469
   -0.0469
   -0.0498
   -0.0498
   -0.0526
   -0.0526
   -0.0554
   -0.0554
   -0.0581
   -0.0581
   -0.0607
   -0.0607
   -0.0633
   -0.0633
   -0.0658
   -0.0658
   -0.0683
   -0.0683
   -0.0707
   -0.0707
   -0.0730
   -0.0730
   -0.0752
   -0.0752
   -0.0774
   -0.0774
   -0.0795
   -0.0795
   -0.0815
   -0.0815
   -0.0834
   -0.0834
   -0.0853
   -0.0853
    0.0035
