   -0.2935
   -0.2906
   -0.2906
   -0.2872
   -0.2872
   -0.2832
   -0.2832
   -0.2787
   -0.2787
   -0.2737
   -0.2737
   -0.2681
   -0.2681
   -0.2620
   -0.2620
   -0.2555
   -0.2555
   -0.2484
   -0.2484
   -0.2409
   -0.2409
   -0.2330
   -0.2330
   -0.2247
   -0.2247
   -0.2160
   -0.2160
   -0.2070
   -0.2070
   -0.1976
   -0.1976
   -0.1879
   -0.1879
   -0.1780
   -0.1780
   -0.1679
   -0.1679
   -0.1575
   -0.1575
   -0.1470
   -0.1470
   -0.1363
   -0.1363
   -0.1255
   -0.1255
   -0.1147
   -0.1147
   -0.1038
   -0.1038
   -0.0929
   -0.0929
   -0.0820
   -0.0820
   -0.0711
   -0.0711
   -0.0603
   -0.0603
   -0.0496
   -0.0496
   -0.0390
   -0.0390
   -0.0286
   -0.0286
   -0.0183
   -0.0183
   -0.0082
   -0.0082
    0.0017
    0.0017
    0.0113
    0.0113
    0.0207
    0.0207
    0.0299
    0.0299
    0.0388
    0.0388
    0.0474
    0.0474
    0.0558
    0.0558
    0.0638
    0.0638
    0.0715
    0.0715
    0.0789
    0.0789
    0.0860
    0.0860
    0.0928
    0.0928
    0.0993
    0.0993
    0.1055
    0.1055
    0.1113
    0.1113
    0.1168
    0.1168
   -0.0034
