    0.3376
    0.3444
    0.3444
    0.3496
    0.3496
    0.3534
    0.3534
    0.3555
    0.3555
    0.3562
    0.3562
    0.3554
    0.3554
    0.3530
    0.3530
    0.3493
    0.3493
    0.3441
    0.3441
    0.3375
    0.3375
    0.3297
    0.3297
    0.3205
    0.3205
    0.3101
    0.3101
    0.2986
    0.2986
    0.2859
    0.2859
    0.2722
    0.2722
    0.2575
    0.2575
    0.2419
    0.2419
    0.2255
    0.2255
    0.2083
    0.2083
    0.1904
    0.1904
    0.1719
    0.1719
    0.1529
    0.1529
    0.1334
    0.1334
    0.1136
    0.1136
    0.0934
    0.0934
    0.0730
    0.0730
    0.0525
    0.0525
    0.0319
    0.0319
    0.0114
    0.0114
   -0.0091
   -0.0091
   -0.0294
   -0.0294
   -0.0494
   -0.0494
   -0.0692
   -0.0692
   -0.0885
   -0.0885
   -0.1074
   -0.1074
   -0.1258
   -0.1258
   -0.1436
   -0.1436
   -0.1607
   -0.1607
   -0.1772
   -0.1772
   -0.1928
   -0.1928
   -0.2077
   -0.2077
   -0.2217
   -0.2217
   -0.2348
   -0.2348
   -0.2470
   -0.2470
   -0.2582
   -0.2582
   -0.2683
   -0.2683
   -0.2774
   -0.2774
   -0.2855
   -0.2855
   -0.2924
   -0.2924
   -0.2982
   -0.2982
   -0.3029
   -0.3029
   -0.3065
   -0.3065
   -0.3089
   -0.3089
   -0.3102
   -0.3102
   -0.3103
   -0.3103
   -0.3093
   -0.3093
   -0.3071
   -0.3071
   -0.3039
   -0.3039
   -0.2996
   -0.2996
   -0.2942
   -0.2942
   -0.2877
   -0.2877
   -0.2803
   -0.2803
   -0.2719
   -0.2719
   -0.2625
   -0.2625
   -0.2523
   -0.2523
   -0.2412
   -0.2412
   -0.2293
   -0.2293
   -0.2167
   -0.2167
   -0.2033
   -0.2033
   -0.1893
   -0.1893
   -0.1747
   -0.1747
   -0.1596
   -0.1596
   -0.1440
   -0.1440
   -0.1280
   -0.1280
   -0.1116
   -0.1116
   -0.0949
   -0.0949
   -0.0780
   -0.0780
   -0.0609
   -0.0609
   -0.0436
   -0.0436
   -0.0264
   -0.0264
   -0.0091
   -0.0091
    0.0081
    0.0081
    0.0252
    0.0252
    0.0421
    0.0421
    0.0587
    0.0587
    0.0751
    0.0751
    0.0912
    0.0912
    0.1068
    0.1068
    0.1220
    0.1220
    0.1368
    0.1368
    0.1510
    0.1510
    0.1646
    0.1646
    0.1777
    0.1777
    0.1901
    0.1901
    0.2018
    0.2018
    0.2129
    0.2129
    0.2232
    0.2232
    0.2328
    0.2328
    0.2416
    0.2416
    0.2496
    0.2496
    0.2568
    0.2568
    0.2632
    0.2632
    0.2688
    0.2688
    0.2736
    0.2736
    0.2775
    0.2775
    0.2806
    0.2806
    0.2829
    0.2829
    0.2844
    0.2844
    0.2850
    0.2850
    0.2848
    0.2848
    0.2839
    0.2839
    0.2821
    0.2821
    0.2797
    0.2797
    0.2764
    0.2764
    0.2724
    0.2724
    0.2678
    0.2678
    0.2624
    0.2624
    0.2564
    0.2564
    0.2498
    0.2498
    0.2425
    0.2425
    0.2347
    0.2347
    0.2264
    0.2264
    0.2175
    0.2175
    0.2082
    0.2082
    0.1984
    0.1984
    0.1882
    0.1882
    0.1776
    0.1776
    0.1667
    0.1667
    0.1555
    0.1555
    0.1440
    0.1440
    0.1323
    0.1323
    0.1203
    0.1203
    0.1082
    0.1082
    0.0960
    0.0960
    0.0836
    0.0836
    0.0712
    0.0712
    0.0588
    0.0588
    0.0464
    0.0464
    0.0340
    0.0340
    0.0217
    0.0217
    0.0095
    0.0095
   -0.0025
   -0.0025
   -0.0144
   -0.0144
   -0.0261
   -0.0261
   -0.0375
   -0.0375
   -0.0487
   -0.0487
   -0.0596
   -0.0596
   -0.0702
   -0.0702
   -0.0804
   -0.0804
   -0.0903
   -0.0903
   -0.0998
   -0.0998
   -0.1089
   -0.1089
   -0.1175
   -0.1175
   -0.1257
   -0.1257
   -0.1335
   -0.1335
   -0.1407
   -0.1407
   -0.1475
   -0.1475
   -0.1537
   -0.1537
   -0.1594
   -0.1594
   -0.1646
   -0.1646
   -0.1693
   -0.1693
   -0.1734
   -0.1734
   -0.1769
   -0.1769
   -0.1799
   -0.1799
   -0.1823
   -0.1823
   -0.1841
   -0.1841
   -0.1854
   -0.1854
   -0.1861
   -0.1861
   -0.1863
   -0.1863
   -0.1859
   -0.1859
   -0.1850
   -0.1850
   -0.1836
   -0.1836
   -0.1816
   -0.1816
   -0.1792
   -0.1792
   -0.1762
   -0.1762
   -0.1727
   -0.1727
   -0.1688
   -0.1688
   -0.1645
   -0.1645
   -0.1597
   -0.1597
   -0.1545
   -0.1545
   -0.1490
   -0.1490
   -0.1430
   -0.1430
   -0.1368
   -0.1368
   -0.1302
   -0.1302
   -0.1233
   -0.1233
   -0.1162
   -0.1162
   -0.1088
   -0.1088
   -0.1012
   -0.1012
   -0.0935
   -0.0935
   -0.0856
   -0.0856
   -0.0775
   -0.0775
   -0.0694
   -0.0694
   -0.0612
   -0.0612
   -0.0529
   -0.0529
   -0.0446
   -0.0446
   -0.0364
   -0.0364
   -0.0281
   -0.0281
   -0.0200
   -0.0200
   -0.0119
   -0.0119
   -0.0040
   -0.0040
    0.0039
    0.0039
    0.0115
    0.0115
    0.0190
    0.0190
    0.0262
    0.0262
    0.0332
    0.0332
    0.0400
    0.0400
    0.0465
    0.0465
    0.0526
    0.0526
    0.0585
    0.0585
    0.0641
    0.0641
    0.0693
    0.0693
    0.0742
    0.0742
    0.0788
    0.0788
    0.0829
    0.0829
    0.0867
    0.0867
    0.0901
    0.0901
    0.0931
    0.0931
    0.0957
    0.0957
    0.0979
    0.0979
    0.0997
    0.0997
    0.1011
    0.1011
    0.1021
    0.1021
    0.1027
    0.1027
    0.1030
    0.1030
    0.1028
    0.1028
    0.1023
    0.1023
    0.1014
    0.1014
    0.1001
    0.1001
    0.0985
    0.0985
    0.0965
    0.0965
    0.0942
    0.0942
    0.0916
    0.0916
    0.0887
    0.0887
    0.0855
    0.0855
    0.0821
    0.0821
    0.0784
    0.0784
    0.0745
    0.0745
    0.0703
    0.0703
    0.0660
    0.0660
    0.0615
    0.0615
    0.0568
    0.0568
    0.0520
    0.0520
    0.0471
    0.0471
    0.0420
    0.0420
    0.0369
    0.0369
    0.0318
    0.0318
    0.0266
    0.0266
    0.0214
    0.0214
    0.0162
    0.0162
    0.0111
    0.0111
    0.0060
    0.0060
    0.0010
    0.0010
   -0.0040
   -0.0040
   -0.0088
   -0.0088
   -0.0135
   -0.0135
   -0.0181
   -0.0181
   -0.0225
   -0.0225
   -0.0267
   -0.0267
   -0.0308
   -0.0308
   -0.0346
   -0.0346
   -0.0382
   -0.0382
   -0.0416
   -0.0416
   -0.0447
   -0.0447
   -0.0476
   -0.0476
   -0.0501
   -0.0501
   -0.0525
   -0.0525
   -0.0545
   -0.0545
   -0.0562
   -0.0562
   -0.0577
   -0.0577
   -0.0588
   -0.0588
   -0.0596
   -0.0596
   -0.0602
   -0.0602
   -0.0604
   -0.0604
   -0.0603
   -0.0603
   -0.0599
   -0.0599
   -0.0592
   -0.0592
   -0.0582
   -0.0582
   -0.0569
   -0.0569
   -0.0553
   -0.0553
   -0.0534
   -0.0534
   -0.0512
   -0.0512
   -0.0488
   -0.0488
   -0.0461
   -0.0461
   -0.0432
   -0.0432
   -0.0400
   -0.0400
   -0.0366
   -0.0366
   -0.0330
   -0.0330
   -0.0292
   -0.0292
   -0.0253
   -0.0253
   -0.0211
   -0.0211
   -0.0168
   -0.0168
   -0.0124
   -0.0124
   -0.0079
   -0.0079
   -0.0032
   -0.0032
    0.0015
    0.0015
    0.0063
    0.0063
    0.0111
    0.0111
    0.0160
    0.0160
    0.0208
    0.0208
    0.0257
    0.0257
    0.0305
    0.0305
    0.0353
    0.0353
    0.0401
    0.0401
    0.0447
    0.0447
    0.0493
    0.0493
    0.0537
    0.0537
    0.0581
    0.0581
    0.0623
    0.0623
    0.0663
    0.0663
    0.0702
    0.0702
    0.0739
    0.0739
    0.0773
    0.0773
    0.0806
    0.0806
    0.0837
    0.0837
    0.0866
    0.0866
    0.0892
    0.0892
    0.0915
    0.0915
    0.0936
    0.0936
    0.0955
    0.0955
    0.0971
    0.0971
    0.0984
    0.0984
    0.0995
    0.0995
    0.1002
    0.1002
    0.1007
    0.1007
    0.1010
    0.1010
    0.1009
    0.1009
    0.1006
    0.1006
    0.1000
    0.1000
    0.0991
    0.0991
    0.0980
    0.0980
    0.0966
    0.0966
    0.0949
    0.0949
    0.0930
    0.0930
    0.0909
    0.0909
    0.0885
    0.0885
    0.0858
    0.0858
    0.0830
    0.0830
    0.0800
    0.0800
    0.0767
    0.0767
    0.0733
    0.0733
    0.0697
    0.0697
    0.0659
    0.0659
    0.0620
    0.0620
    0.0580
    0.0580
    0.0538
    0.0538
    0.0495
    0.0495
    0.0451
    0.0451
    0.0406
    0.0406
    0.0361
    0.0361
    0.0315
    0.0315
    0.0268
    0.0268
    0.0222
    0.0222
    0.0175
    0.0175
    0.0128
    0.0128
    0.0081
    0.0081
    0.0035
    0.0035
   -0.0011
   -0.0011
   -0.0057
   -0.0057
   -0.0102
   -0.0102
   -0.0146
   -0.0146
   -0.0189
   -0.0189
   -0.0231
   -0.0231
   -0.0272
   -0.0272
   -0.0312
   -0.0312
   -0.0351
   -0.0351
   -0.0388
   -0.0388
   -0.0423
   -0.0423
   -0.0457
   -0.0457
   -0.0490
   -0.0490
   -0.0520
   -0.0520
   -0.0549
   -0.0549
   -0.0576
   -0.0576
   -0.0601
   -0.0601
   -0.0623
   -0.0623
   -0.0644
   -0.0644
   -0.0663
   -0.0663
   -0.0680
   -0.0680
   -0.0695
   -0.0695
   -0.0708
   -0.0708
   -0.0718
   -0.0718
   -0.0727
   -0.0727
   -0.0733
   -0.0733
   -0.0737
   -0.0737
   -0.0740
   -0.0740
   -0.0740
   -0.0740
   -0.0739
   -0.0739
   -0.0735
   -0.0735
   -0.0730
   -0.0730
   -0.0722
   -0.0722
   -0.0713
   -0.0713
   -0.0703
   -0.0703
   -0.0690
   -0.0690
   -0.0676
   -0.0676
   -0.0661
   -0.0661
   -0.0644
   -0.0644
   -0.0626
   -0.0626
   -0.0607
   -0.0607
   -0.0586
   -0.0586
   -0.0565
   -0.0565
   -0.0542
   -0.0542
   -0.0519
   -0.0519
   -0.0495
   -0.0495
   -0.0470
   -0.0470
   -0.0444
   -0.0444
   -0.0418
   -0.0418
   -0.0392
   -0.0392
   -0.0365
   -0.0365
   -0.0338
   -0.0338
   -0.0310
   -0.0310
   -0.0283
   -0.0283
   -0.0256
   -0.0256
   -0.0229
   -0.0229
   -0.0202
   -0.0202
   -0.0175
   -0.0175
   -0.0149
   -0.0149
   -0.0123
   -0.0123
   -0.0098
   -0.0098
   -0.0073
   -0.0073
   -0.0048
   -0.0048
   -0.0025
   -0.0025
   -0.0002
   -0.0002
    0.0020
    0.0020
    0.0042
    0.0042
    0.0062
    0.0062
    0.0082
    0.0082
    0.0101
    0.0101
    0.0118
    0.0118
    0.0135
    0.0135
    0.0151
    0.0151
    0.0166
    0.0166
    0.0180
    0.0180
    0.0192
    0.0192
    0.0204
    0.0204
    0.0215
    0.0215
    0.0225
    0.0225
    0.0233
    0.0233
    0.0241
    0.0241
    0.0248
    0.0248
    0.0253
    0.0253
    0.0258
    0.0258
    0.0262
    0.0262
    0.0265
    0.0265
    0.0267
    0.0267
    0.0269
    0.0269
    0.0269
    0.0269
    0.0269
    0.0269
    0.0268
    0.0268
    0.0267
    0.0267
    0.0264
    0.0264
    0.0262
    0.0262
    0.0258
    0.0258
    0.0254
    0.0254
    0.0250
    0.0250
    0.0245
    0.0245
    0.0240
    0.0240
    0.0235
    0.0235
    0.0229
    0.0229
    0.0223
    0.0223
    0.0217
    0.0217
    0.0210
    0.0210
    0.0204
    0.0204
    0.0197
    0.0197
    0.0191
    0.0191
    0.0184
    0.0184
    0.0177
    0.0177
    0.0171
    0.0171
    0.0165
    0.0165
    0.0158
    0.0158
    0.0152
    0.0152
    0.0147
    0.0147
    0.0141
    0.0141
    0.0136
    0.0136
    0.0131
    0.0131
    0.0126
    0.0126
    0.0121
    0.0121
    0.0117
    0.0117
    0.0114
    0.0114
    0.0110
    0.0110
    0.0107
    0.0107
    0.0105
    0.0105
    0.0102
    0.0102
    0.0101
    0.0101
    0.0099
    0.0099
    0.0098
    0.0098
    0.0098
    0.0098
    0.0097
    0.0097
    0.0097
    0.0097
    0.0098
    0.0098
    0.0099
    0.0099
    0.0100
    0.0100
    0.0102
    0.0102
    0.0104
    0.0104
    0.0106
    0.0106
    0.0109
    0.0109
    0.0112
    0.0112
    0.0115
    0.0115
    0.0119
    0.0119
    0.0122
    0.0122
    0.0126
    0.0126
    0.0130
    0.0130
    0.0135
    0.0135
    0.0139
    0.0139
    0.0144
    0.0144
    0.0149
    0.0149
    0.0154
    0.0154
    0.0158
    0.0158
    0.0163
    0.0163
    0.0168
    0.0168
    0.0173
    0.0173
    0.0178
    0.0178
    0.0183
    0.0183
    0.0188
    0.0188
    0.0192
    0.0192
    0.0197
    0.0197
    0.0201
    0.0201
    0.0205
    0.0205
    0.0209
    0.0209
    0.0213
    0.0213
    0.0217
    0.0217
    0.0220
    0.0220
    0.0223
    0.0223
    0.0226
    0.0226
    0.0228
    0.0228
    0.0230
    0.0230
    0.0232
    0.0232
    0.0233
    0.0233
    0.0235
    0.0235
    0.0235
    0.0235
    0.0236
    0.0236
    0.0235
    0.0235
    0.0235
    0.0235
    0.0234
    0.0234
    0.0233
    0.0233
    0.0231
    0.0231
    0.0229
    0.0229
    0.0226
    0.0226
    0.0224
    0.0224
    0.0220
    0.0220
    0.0216
    0.0216
    0.0212
    0.0212
    0.0208
    0.0208
    0.0203
    0.0203
    0.0197
    0.0197
    0.0191
    0.0191
    0.0185
    0.0185
    0.0179
    0.0179
    0.0172
    0.0172
    0.0164
    0.0164
    0.0157
    0.0157
    0.0149
    0.0149
    0.0141
    0.0141
    0.0132
    0.0132
    0.0123
    0.0123
    0.0114
    0.0114
    0.0105
    0.0105
    0.0095
    0.0095
    0.0085
    0.0085
    0.0075
    0.0075
    0.0065
    0.0065
    0.0055
    0.0055
    0.0044
    0.0044
    0.0034
    0.0034
    0.0023
    0.0023
    0.0012
    0.0012
    0.0002
    0.0002
   -0.0009
   -0.0009
   -0.0020
   -0.0020
   -0.0031
   -0.0031
   -0.0042
   -0.0042
   -0.0052
   -0.0052
   -0.0063
   -0.0063
   -0.0073
   -0.0073
   -0.0084
   -0.0084
   -0.0094
   -0.0094
   -0.0104
   -0.0104
   -0.0114
   -0.0114
   -0.0124
   -0.0124
   -0.0133
   -0.0133
   -0.0143
   -0.0143
   -0.0152
   -0.0152
   -0.0160
   -0.0160
   -0.0169
   -0.0169
   -0.0177
   -0.0177
   -0.0184
   -0.0184
   -0.0192
   -0.0192
   -0.0199
   -0.0199
   -0.0205
   -0.0205
   -0.0212
   -0.0212
   -0.0218
   -0.0218
   -0.0223
   -0.0223
   -0.0228
   -0.0228
   -0.0233
   -0.0233
   -0.0237
   -0.0237
   -0.0241
   -0.0241
   -0.0244
   -0.0244
   -0.0247
   -0.0247
   -0.0249
   -0.0249
   -0.0251
   -0.0251
   -0.0253
   -0.0253
   -0.0254
   -0.0254
   -0.0254
   -0.0254
   -0.0254
   -0.0254
   -0.0254
   -0.0254
   -0.0253
   -0.0253
   -0.0252
   -0.0252
   -0.0250
   -0.0250
   -0.0248
   -0.0248
   -0.0245
   -0.0245
   -0.0242
   -0.0242
   -0.0239
   -0.0239
   -0.0235
   -0.0235
   -0.0231
   -0.0231
   -0.0226
   -0.0226
   -0.0222
   -0.0222
   -0.0216
   -0.0216
   -0.0211
   -0.0211
   -0.0205
   -0.0205
   -0.0198
   -0.0198
   -0.0192
   -0.0192
   -0.0185
   -0.0185
   -0.0178
   -0.0178
   -0.0171
   -0.0171
   -0.0163
   -0.0163
   -0.0155
   -0.0155
   -0.0147
   -0.0147
   -0.0139
   -0.0139
   -0.0131
   -0.0131
   -0.0123
   -0.0123
   -0.0114
   -0.0114
   -0.0105
   -0.0105
   -0.0097
   -0.0097
   -0.0088
   -0.0088
   -0.0079
   -0.0079
   -0.0070
   -0.0070
   -0.0061
   -0.0061
   -0.0052
   -0.0052
   -0.0043
   -0.0043
   -0.0034
   -0.0034
   -0.0025
   -0.0025
   -0.0017
   -0.0017
   -0.0008
   -0.0008
    0.0001
    0.0001
    0.0009
    0.0009
    0.0018
    0.0018
    0.0026
    0.0026
    0.0034
    0.0034
    0.0042
    0.0042
    0.0050
    0.0050
    0.0058
    0.0058
    0.0066
    0.0066
    0.0073
    0.0073
    0.0080
    0.0080
    0.0087
    0.0087
    0.0094
    0.0094
    0.0101
    0.0101
    0.0107
    0.0107
    0.0113
    0.0113
    0.0119
    0.0119
    0.0125
    0.0125
    0.0131
    0.0131
    0.0136
    0.0136
    0.0141
    0.0141
    0.0146
    0.0146
    0.0151
    0.0151
    0.0155
    0.0155
    0.0159
    0.0159
    0.0163
    0.0163
    0.0167
    0.0167
    0.0171
    0.0171
    0.0174
    0.0174
    0.0177
    0.0177
    0.0180
    0.0180
    0.0183
    0.0183
    0.0185
    0.0185
    0.0188
    0.0188
    0.0190
    0.0190
    0.0192
    0.0192
    0.0193
    0.0193
    0.0195
    0.0195
    0.0196
    0.0196
    0.0198
    0.0198
    0.0199
    0.0199
    0.0200
    0.0200
    0.0201
    0.0201
    0.0201
    0.0201
    0.0202
    0.0202
    0.0202
    0.0202
    0.0202
    0.0202
    0.0202
    0.0202
    0.0202
    0.0202
    0.0202
    0.0202
    0.0202
    0.0202
    0.0201
    0.0201
    0.0201
    0.0201
    0.0200
    0.0200
    0.0200
    0.0200
    0.0199
    0.0199
    0.0198
    0.0198
    0.0197
    0.0197
    0.0196
    0.0196
    0.0194
    0.0194
    0.0193
    0.0193
    0.0192
    0.0192
    0.0190
    0.0190
    0.0189
    0.0189
    0.0187
    0.0187
    0.0185
    0.0185
    0.0183
    0.0183
    0.0182
    0.0182
    0.0180
    0.0180
    0.0177
    0.0177
    0.0175
    0.0175
    0.0173
    0.0173
    0.0171
    0.0171
    0.0168
    0.0168
    0.0166
    0.0166
    0.0163
    0.0163
    0.0160
    0.0160
    0.0158
    0.0158
    0.0155
    0.0155
    0.0152
    0.0152
    0.0149
    0.0149
    0.0146
    0.0146
    0.0143
    0.0143
    0.0139
    0.0139
    0.0136
    0.0136
    0.0133
    0.0133
    0.0129
    0.0129
    0.0125
    0.0125
    0.0122
    0.0122
    0.0118
    0.0118
    0.0114
    0.0114
    0.0110
    0.0110
    0.0106
    0.0106
    0.0102
    0.0102
    0.0098
    0.0098
    0.0094
    0.0094
    0.0090
    0.0090
    0.0086
    0.0086
    0.0081
    0.0081
    0.0077
    0.0077
    0.0072
    0.0072
    0.0068
    0.0068
    0.0063
    0.0063
    0.0059
    0.0059
    0.0054
    0.0054
    0.0050
    0.0050
    0.0045
    0.0045
    0.0041
    0.0041
    0.0036
    0.0036
    0.0031
    0.0031
    0.0027
    0.0027
    0.0022
    0.0022
    0.0017
    0.0017
    0.0013
    0.0013
    0.0008
    0.0008
    0.0004
    0.0004
   -0.0001
   -0.0001
   -0.0005
   -0.0005
   -0.0010
   -0.0010
   -0.0014
   -0.0014
   -0.0019
   -0.0019
   -0.0023
   -0.0023
   -0.0027
   -0.0027
   -0.0031
   -0.0031
   -0.0035
   -0.0035
   -0.0039
   -0.0039
   -0.0043
   -0.0043
   -0.0047
   -0.0047
   -0.0050
   -0.0050
   -0.0054
   -0.0054
   -0.0058
   -0.0058
   -0.0061
   -0.0061
   -0.0064
   -0.0064
   -0.0067
   -0.0067
   -0.0070
   -0.0070
   -0.0073
   -0.0073
   -0.0076
   -0.0076
   -0.0079
   -0.0079
   -0.0081
   -0.0081
   -0.0083
   -0.0083
   -0.0086
   -0.0086
   -0.0088
   -0.0088
   -0.0090
   -0.0090
   -0.0091
   -0.0091
   -0.0093
   -0.0093
   -0.0094
   -0.0094
   -0.0096
   -0.0096
   -0.0097
   -0.0097
   -0.0098
   -0.0098
   -0.0099
   -0.0099
   -0.0100
   -0.0100
   -0.0100
   -0.0100
   -0.0101
   -0.0101
   -0.0101
   -0.0101
   -0.0102
   -0.0102
   -0.0102
   -0.0102
   -0.0102
   -0.0102
   -0.0102
   -0.0102
   -0.0101
   -0.0101
   -0.0101
   -0.0101
   -0.0100
   -0.0100
   -0.0100
   -0.0100
   -0.0099
   -0.0099
   -0.0098
   -0.0098
   -0.0097
   -0.0097
   -0.0096
   -0.0096
   -0.0095
   -0.0095
   -0.0093
   -0.0093
   -0.0092
   -0.0092
   -0.0090
   -0.0090
   -0.0089
   -0.0089
   -0.0087
   -0.0087
   -0.0085
   -0.0085
   -0.0083
   -0.0083
   -0.0081
   -0.0081
   -0.0079
   -0.0079
   -0.0077
   -0.0077
   -0.0075
   -0.0075
   -0.0073
   -0.0073
   -0.0071
   -0.0071
   -0.0068
   -0.0068
   -0.0066
   -0.0066
   -0.0063
   -0.0063
   -0.0061
   -0.0061
   -0.0058
   -0.0058
   -0.0055
   -0.0055
   -0.0053
   -0.0053
   -0.0050
   -0.0050
   -0.0047
   -0.0047
   -0.0044
   -0.0044
   -0.0041
   -0.0041
   -0.0038
   -0.0038
   -0.0036
   -0.0036
   -0.0033
   -0.0033
   -0.0029
   -0.0029
   -0.0026
   -0.0026
   -0.0023
   -0.0023
   -0.0020
   -0.0020
   -0.0017
   -0.0017
   -0.0014
   -0.0014
   -0.0011
   -0.0011
   -0.0007
   -0.0007
   -0.0004
   -0.0004
   -0.0001
   -0.0001
    0.0003
    0.0003
    0.0006
    0.0006
    0.0009
    0.0009
    0.0013
    0.0013
    0.0016
    0.0016
    0.0020
    0.0020
    0.0023
    0.0023
    0.0027
    0.0027
    0.0030
    0.0030
    0.0034
    0.0034
    0.0037
    0.0037
    0.0041
    0.0041
    0.0044
    0.0044
    0.0048
    0.0048
    0.0051
    0.0051
    0.0055
    0.0055
    0.0058
    0.0058
    0.0062
    0.0062
    0.0065
    0.0065
    0.0069
    0.0069
    0.0073
    0.0073
    0.0076
    0.0076
    0.0080
    0.0080
    0.0083
    0.0083
    0.0086
    0.0086
    0.0090
    0.0090
    0.0093
    0.0093
    0.0097
    0.0097
    0.0100
    0.0100
    0.0103
    0.0103
    0.0106
    0.0106
    0.0110
    0.0110
    0.0113
    0.0113
    0.0116
    0.0116
    0.0119
    0.0119
    0.0122
    0.0122
    0.0125
    0.0125
    0.0128
    0.0128
    0.0130
    0.0130
    0.0133
    0.0133
    0.0135
    0.0135
    0.0138
    0.0138
    0.0140
    0.0140
    0.0143
    0.0143
    0.0145
    0.0145
    0.0147
    0.0147
    0.0149
    0.0149
    0.0151
    0.0151
    0.0152
    0.0152
    0.0154
    0.0154
    0.0155
    0.0155
    0.0157
    0.0157
    0.0158
    0.0158
    0.0159
    0.0159
    0.0160
    0.0160
    0.0161
    0.0161
    0.0161
    0.0161
    0.0162
    0.0162
    0.0162
    0.0162
    0.0162
    0.0162
    0.0162
    0.0162
    0.0162
    0.0162
    0.0162
    0.0162
    0.0162
    0.0162
    0.0161
    0.0161
    0.0160
    0.0160
    0.0160
    0.0160
    0.0158
    0.0158
    0.0157
    0.0157
    0.0156
    0.0156
    0.0154
    0.0154
    0.0153
    0.0153
    0.0151
    0.0151
    0.0149
    0.0149
    0.0147
    0.0147
    0.0145
    0.0145
    0.0142
    0.0142
    0.0140
    0.0140
    0.0137
    0.0137
    0.0134
    0.0134
    0.0131
    0.0131
    0.0128
    0.0128
    0.0125
    0.0125
    0.0122
    0.0122
    0.0119
    0.0119
    0.0115
    0.0115
    0.0112
    0.0112
    0.0108
    0.0108
    0.0104
    0.0104
    0.0100
    0.0100
    0.0096
    0.0096
    0.0093
    0.0093
    0.0088
    0.0088
    0.0084
    0.0084
    0.0080
    0.0080
    0.0076
    0.0076
    0.0072
    0.0072
    0.0068
    0.0068
    0.0063
    0.0063
    0.0059
    0.0059
    0.0055
    0.0055
    0.0050
    0.0050
    0.0046
    0.0046
    0.0042
    0.0042
    0.0037
    0.0037
    0.0033
    0.0033
    0.0029
    0.0029
    0.0025
    0.0025
    0.0021
    0.0021
    0.0016
    0.0016
    0.0012
    0.0012
    0.0008
    0.0008
    0.0004
    0.0004
    0.0001
    0.0001
   -0.0003
   -0.0003
   -0.0007
   -0.0007
   -0.0011
   -0.0011
   -0.0014
   -0.0014
   -0.0018
   -0.0018
   -0.0021
   -0.0021
   -0.0024
   -0.0024
   -0.0027
   -0.0027
   -0.0030
   -0.0030
   -0.0033
   -0.0033
   -0.0036
   -0.0036
   -0.0039
   -0.0039
   -0.0042
   -0.0042
   -0.0044
   -0.0044
   -0.0046
   -0.0046
   -0.0049
   -0.0049
   -0.0051
   -0.0051
   -0.0053
   -0.0053
   -0.0054
   -0.0054
   -0.0056
   -0.0056
   -0.0058
   -0.0058
   -0.0059
   -0.0059
   -0.0060
   -0.0060
   -0.0062
   -0.0062
   -0.0063
   -0.0063
   -0.0064
   -0.0064
   -0.0064
   -0.0064
   -0.0065
   -0.0065
   -0.0066
   -0.0066
   -0.0066
   -0.0066
   -0.0066
   -0.0066
   -0.0067
   -0.0067
   -0.0067
   -0.0067
   -0.0067
   -0.0067
   -0.0066
   -0.0066
   -0.0066
   -0.0066
   -0.0066
   -0.0066
   -0.0065
   -0.0065
   -0.0065
   -0.0065
   -0.0064
   -0.0064
   -0.0063
   -0.0063
   -0.0062
   -0.0062
   -0.0061
   -0.0061
   -0.0060
   -0.0060
   -0.0059
   -0.0059
   -0.0058
   -0.0058
   -0.0057
   -0.0057
   -0.0055
   -0.0055
   -0.0054
   -0.0054
   -0.0052
   -0.0052
   -0.0051
   -0.0051
   -0.0049
   -0.0049
   -0.0047
   -0.0047
   -0.0046
   -0.0046
   -0.0044
   -0.0044
   -0.0042
   -0.0042
   -0.0040
   -0.0040
   -0.0038
   -0.0038
   -0.0036
   -0.0036
   -0.0034
   -0.0034
   -0.0032
   -0.0032
   -0.0030
   -0.0030
   -0.0028
   -0.0028
   -0.0026
   -0.0026
   -0.0024
   -0.0024
   -0.0022
   -0.0022
   -0.0020
   -0.0020
   -0.0017
   -0.0017
   -0.0015
   -0.0015
   -0.0013
   -0.0013
   -0.0011
   -0.0011
   -0.0009
   -0.0009
   -0.0007
   -0.0007
   -0.0004
   -0.0004
   -0.0002
   -0.0002
   -0.0000
   -0.0000
    0.0002
    0.0002
    0.0004
    0.0004
    0.0006
    0.0006
    0.0008
    0.0008
    0.0011
    0.0011
    0.0013
    0.0013
    0.0015
    0.0015
    0.0017
    0.0017
    0.0019
    0.0019
    0.0021
    0.0021
    0.0023
    0.0023
    0.0025
    0.0025
    0.0027
    0.0027
    0.0029
    0.0029
    0.0031
    0.0031
    0.0033
    0.0033
    0.0035
    0.0035
    0.0037
    0.0037
    0.0039
    0.0039
    0.0041
    0.0041
    0.0043
    0.0043
    0.0045
    0.0045
    0.0047
    0.0047
    0.0049
    0.0049
    0.0051
    0.0051
    0.0052
    0.0052
    0.0054
    0.0054
    0.0056
    0.0056
    0.0058
    0.0058
    0.0060
    0.0060
    0.0062
    0.0062
    0.0063
    0.0063
    0.0065
    0.0065
    0.0067
    0.0067
    0.0068
    0.0068
    0.0070
    0.0070
    0.0072
    0.0072
    0.0073
    0.0073
    0.0075
    0.0075
    0.0077
    0.0077
    0.0078
    0.0078
    0.0080
    0.0080
    0.0081
    0.0081
    0.0083
    0.0083
    0.0084
    0.0084
    0.0086
    0.0086
    0.0087
    0.0087
    0.0089
    0.0089
    0.0090
    0.0090
    0.0092
    0.0092
    0.0093
    0.0093
    0.0094
    0.0094
    0.0095
    0.0095
    0.0097
    0.0097
    0.0098
    0.0098
    0.0099
    0.0099
    0.0100
    0.0100
    0.0101
    0.0101
    0.0102
    0.0102
    0.0103
    0.0103
    0.0104
    0.0104
    0.0105
    0.0105
    0.0106
    0.0106
    0.0106
    0.0106
    0.0107
    0.0107
    0.0108
    0.0108
    0.0108
    0.0108
    0.0109
    0.0109
    0.0109
    0.0109
    0.0110
    0.0110
    0.0110
    0.0110
    0.0110
    0.0110
    0.0110
    0.0110
    0.0110
    0.0110
    0.0110
    0.0110
    0.0110
    0.0110
    0.0110
    0.0110
    0.0110
    0.0110
    0.0110
    0.0110
    0.0109
    0.0109
    0.0109
    0.0109
    0.0108
    0.0108
    0.0108
    0.0108
    0.0107
    0.0107
    0.0106
    0.0106
    0.0105
    0.0105
    0.0104
    0.0104
    0.0103
    0.0103
    0.0102
    0.0102
    0.0101
    0.0101
    0.0100
    0.0100
    0.0099
    0.0099
    0.0097
    0.0097
    0.0096
    0.0096
    0.0094
    0.0094
    0.0092
    0.0092
    0.0091
    0.0091
    0.0089
    0.0089
    0.0087
    0.0087
    0.0085
    0.0085
    0.0083
    0.0083
    0.0081
    0.0081
    0.0079
    0.0079
    0.0077
    0.0077
    0.0074
    0.0074
    0.0072
    0.0072
    0.0070
    0.0070
    0.0067
    0.0067
    0.0065
    0.0065
    0.0062
    0.0062
    0.0060
    0.0060
    0.0057
    0.0057
    0.0055
    0.0055
    0.0052
    0.0052
    0.0049
    0.0049
    0.0047
    0.0047
    0.0044
    0.0044
    0.0041
    0.0041
    0.0038
    0.0038
    0.0036
    0.0036
    0.0033
    0.0033
    0.0030
    0.0030
    0.0027
    0.0027
    0.0025
    0.0025
    0.0022
    0.0022
    0.0019
    0.0019
    0.0017
    0.0017
    0.0014
    0.0014
    0.0011
    0.0011
    0.0009
    0.0009
    0.0006
    0.0006
    0.0004
    0.0004
    0.0001
    0.0001
   -0.0001
   -0.0001
   -0.0003
   -0.0003
   -0.0006
   -0.0006
   -0.0008
   -0.0008
   -0.0010
   -0.0010
   -0.0012
   -0.0012
   -0.0014
   -0.0014
   -0.0016
   -0.0016
   -0.0018
   -0.0018
   -0.0020
   -0.0020
   -0.0022
   -0.0022
   -0.0023
   -0.0023
   -0.0025
   -0.0025
   -0.0026
   -0.0026
   -0.0028
   -0.0028
   -0.0029
   -0.0029
   -0.0030
   -0.0030
   -0.0031
   -0.0031
   -0.0033
   -0.0033
   -0.0033
   -0.0033
   -0.0034
   -0.0034
   -0.0035
   -0.0035
   -0.0036
   -0.0036
   -0.0036
   -0.0036
   -0.0037
   -0.0037
   -0.0037
   -0.0037
   -0.0038
   -0.0038
   -0.0038
   -0.0038
   -0.0038
   -0.0038
   -0.0038
   -0.0038
   -0.0038
   -0.0038
   -0.0038
   -0.0038
   -0.0038
   -0.0038
   -0.0037
   -0.0037
   -0.0037
   -0.0037
   -0.0036
   -0.0036
   -0.0036
   -0.0036
   -0.0035
   -0.0035
   -0.0034
   -0.0034
   -0.0034
   -0.0034
   -0.0033
   -0.0033
   -0.0032
   -0.0032
   -0.0031
   -0.0031
   -0.0030
   -0.0030
   -0.0028
   -0.0028
   -0.0027
   -0.0027
   -0.0026
   -0.0026
   -0.0025
   -0.0025
   -0.0023
   -0.0023
   -0.0022
   -0.0022
   -0.0020
   -0.0020
   -0.0019
   -0.0019
   -0.0017
   -0.0017
   -0.0016
   -0.0016
   -0.0014
   -0.0014
   -0.0012
   -0.0012
   -0.0011
   -0.0011
   -0.0009
   -0.0009
   -0.0007
   -0.0007
   -0.0005
   -0.0005
   -0.0004
   -0.0004
   -0.0002
   -0.0002
    0.0000
    0.0000
    0.0002
    0.0002
    0.0004
    0.0004
    0.0006
    0.0006
    0.0007
    0.0007
    0.0009
    0.0009
    0.0011
    0.0011
    0.0013
    0.0013
    0.0015
    0.0015
    0.0017
    0.0017
    0.0019
    0.0019
    0.0020
    0.0020
    0.0022
    0.0022
    0.0024
    0.0024
    0.0026
    0.0026
    0.0028
    0.0028
    0.0029
    0.0029
    0.0031
    0.0031
    0.0033
    0.0033
    0.0035
    0.0035
    0.0036
    0.0036
    0.0038
    0.0038
    0.0040
    0.0040
    0.0041
    0.0041
    0.0043
    0.0043
    0.0044
    0.0044
    0.0046
    0.0046
    0.0047
    0.0047
    0.0049
    0.0049
    0.0050
    0.0050
    0.0052
    0.0052
    0.0053
    0.0053
    0.0054
    0.0054
    0.0056
    0.0056
    0.0057
    0.0057
    0.0058
    0.0058
    0.0059
    0.0059
    0.0061
    0.0061
    0.0062
    0.0062
    0.0063
    0.0063
    0.0064
    0.0064
    0.0065
    0.0065
    0.0066
    0.0066
    0.0067
    0.0067
    0.0068
    0.0068
    0.0069
    0.0069
    0.0070
    0.0070
    0.0071
    0.0071
    0.0072
    0.0072
    0.0072
    0.0072
    0.0073
    0.0073
    0.0074
    0.0074
    0.0075
    0.0075
    0.0075
    0.0075
    0.0076
    0.0076
    0.0077
    0.0077
    0.0077
    0.0077
    0.0078
    0.0078
    0.0078
    0.0078
    0.0079
    0.0079
    0.0079
    0.0079
    0.0080
    0.0080
    0.0080
    0.0080
    0.0080
    0.0080
    0.0081
    0.0081
    0.0081
    0.0081
    0.0081
    0.0081
    0.0082
    0.0082
    0.0082
    0.0082
    0.0082
    0.0082
    0.0082
    0.0082
    0.0082
    0.0082
    0.0082
    0.0082
    0.0082
    0.0082
    0.0082
    0.0082
    0.0082
    0.0082
    0.0082
    0.0082
    0.0082
    0.0082
    0.0082
    0.0082
    0.0082
    0.0082
    0.0082
    0.0082
    0.0082
    0.0082
    0.0081
    0.0081
    0.0081
    0.0081
    0.0081
    0.0081
    0.0080
    0.0080
    0.0080
    0.0080
    0.0079
    0.0079
    0.0079
    0.0079
    0.0078
    0.0078
    0.0078
    0.0078
    0.0077
    0.0077
    0.0076
    0.0076
    0.0076
    0.0076
    0.0075
    0.0075
    0.0074
    0.0074
    0.0073
    0.0073
    0.0072
    0.0072
    0.0072
    0.0072
    0.0071
    0.0071
    0.0070
    0.0070
    0.0069
    0.0069
    0.0068
    0.0068
    0.0067
    0.0067
    0.0065
    0.0065
    0.0064
    0.0064
    0.0063
    0.0063
    0.0062
    0.0062
    0.0061
    0.0061
    0.0059
    0.0059
    0.0058
    0.0058
    0.0057
    0.0057
    0.0055
    0.0055
    0.0054
    0.0054
    0.0053
    0.0053
    0.0051
    0.0051
    0.0050
    0.0050
    0.0048
    0.0048
    0.0047
    0.0047
    0.0045
    0.0045
    0.0044
    0.0044
    0.0042
    0.0042
    0.0041
    0.0041
    0.0039
    0.0039
    0.0038
    0.0038
    0.0036
    0.0036
    0.0035
    0.0035
    0.0033
    0.0033
    0.0031
    0.0031
    0.0030
    0.0030
    0.0028
    0.0028
    0.0027
    0.0027
    0.0025
    0.0025
    0.0024
    0.0024
    0.0022
    0.0022
    0.0020
    0.0020
    0.0019
    0.0019
    0.0017
    0.0017
    0.0016
    0.0016
    0.0015
    0.0015
    0.0013
    0.0013
    0.0012
    0.0012
    0.0010
    0.0010
    0.0009
    0.0009
    0.0008
    0.0008
    0.0006
    0.0006
    0.0005
    0.0005
    0.0004
    0.0004
    0.0003
    0.0003
    0.0002
    0.0002
    0.0000
    0.0000
   -0.0001
   -0.0001
   -0.0002
   -0.0002
   -0.0003
   -0.0003
   -0.0004
   -0.0004
   -0.0005
   -0.0005
   -0.0005
   -0.0005
   -0.0006
   -0.0006
   -0.0007
   -0.0007
   -0.0008
   -0.0008
   -0.0008
   -0.0008
   -0.0009
   -0.0009
   -0.0009
   -0.0009
   -0.0010
   -0.0010
   -0.0010
   -0.0010
   -0.0011
   -0.0011
   -0.0011
   -0.0011
   -0.0011
   -0.0011
   -0.0012
   -0.0012
   -0.0012
   -0.0012
   -0.0012
   -0.0012
   -0.0012
   -0.0012
   -0.0012
   -0.0012
   -0.0012
   -0.0012
   -0.0012
   -0.0012
   -0.0012
   -0.0012
   -0.0011
   -0.0011
   -0.0011
   -0.0011
   -0.0011
   -0.0011
   -0.0011
   -0.0011
   -0.0010
   -0.0010
   -0.0010
   -0.0010
   -0.0009
   -0.0009
   -0.0009
   -0.0009
   -0.0008
   -0.0008
   -0.0007
   -0.0007
   -0.0007
   -0.0007
   -0.0006
   -0.0006
   -0.0005
   -0.0005
   -0.0004
   -0.0004
   -0.0004
   -0.0004
   -0.0003
   -0.0003
   -0.0002
   -0.0002
   -0.0001
   -0.0001
    0.0000
    0.0000
    0.0001
    0.0001
    0.0002
    0.0002
    0.0003
    0.0003
    0.0005
    0.0005
    0.0006
    0.0006
    0.0007
    0.0007
    0.0008
    0.0008
    0.0009
    0.0009
    0.0010
    0.0010
    0.0012
    0.0012
    0.0013
    0.0013
    0.0014
    0.0014
    0.0015
    0.0015
    0.0017
    0.0017
    0.0018
    0.0018
    0.0019
    0.0019
    0.0021
    0.0021
    0.0022
    0.0022
    0.0023
    0.0023
    0.0025
    0.0025
    0.0026
    0.0026
    0.0027
    0.0027
    0.0028
    0.0028
    0.0030
    0.0030
    0.0031
    0.0031
    0.0032
    0.0032
    0.0034
    0.0034
    0.0035
    0.0035
    0.0036
    0.0036
    0.0037
    0.0037
    0.0039
    0.0039
    0.0040
    0.0040
    0.0041
    0.0041
    0.0042
    0.0042
    0.0043
    0.0043
    0.0045
    0.0045
    0.0046
    0.0046
    0.0047
    0.0047
    0.0048
    0.0048
    0.0049
    0.0049
    0.0050
    0.0050
    0.0051
    0.0051
    0.0052
    0.0052
    0.0053
    0.0053
    0.0054
    0.0054
    0.0055
    0.0055
    0.0056
    0.0056
    0.0057
    0.0057
    0.0058
    0.0058
    0.0058
    0.0058
    0.0059
    0.0059
    0.0060
    0.0060
    0.0061
    0.0061
    0.0061
    0.0061
    0.0062
    0.0062
    0.0063
    0.0063
    0.0063
    0.0063
    0.0064
    0.0064
    0.0064
    0.0064
    0.0065
    0.0065
    0.0065
    0.0065
    0.0066
    0.0066
    0.0066
    0.0066
    0.0067
    0.0067
    0.0067
    0.0067
    0.0067
    0.0067
    0.0068
    0.0068
    0.0068
    0.0068
    0.0068
    0.0068
    0.0068
    0.0068
    0.0069
    0.0069
    0.0069
    0.0069
    0.0069
    0.0069
    0.0069
    0.0069
    0.0069
    0.0069
    0.0069
    0.0069
    0.0069
    0.0069
    0.0069
    0.0069
    0.0069
    0.0069
    0.0069
    0.0069
    0.0069
    0.0069
    0.0069
    0.0069
    0.0068
    0.0068
    0.0068
    0.0068
    0.0068
    0.0068
    0.0068
    0.0068
    0.0067
    0.0067
    0.0067
    0.0067
    0.0067
    0.0067
    0.0066
    0.0066
    0.0066
    0.0066
    0.0066
    0.0066
    0.0065
    0.0065
    0.0065
    0.0065
    0.0064
    0.0064
    0.0064
    0.0064
    0.0063
    0.0063
    0.0063
    0.0063
    0.0062
    0.0062
    0.0061
    0.0061
    0.0061
    0.0061
    0.0060
    0.0060
    0.0059
    0.0059
    0.0059
    0.0059
    0.0058
    0.0058
    0.0057
    0.0057
    0.0057
    0.0057
    0.0056
    0.0056
    0.0055
    0.0055
    0.0054
    0.0054
    0.0053
    0.0053
    0.0053
    0.0053
    0.0052
    0.0052
    0.0051
    0.0051
    0.0050
    0.0050
    0.0049
    0.0049
    0.0048
    0.0048
    0.0047
    0.0047
    0.0047
    0.0047
    0.0046
    0.0046
    0.0045
    0.0045
    0.0044
    0.0044
    0.0043
    0.0043
    0.0042
    0.0042
    0.0041
    0.0041
    0.0040
    0.0040
    0.0039
    0.0039
    0.0038
    0.0038
    0.0037
    0.0037
    0.0036
    0.0036
    0.0035
    0.0035
    0.0034
    0.0034
    0.0033
    0.0033
    0.0032
    0.0032
    0.0031
    0.0031
    0.0030
    0.0030
    0.0029
    0.0029
    0.0028
    0.0028
    0.0027
    0.0027
    0.0027
    0.0027
    0.0026
    0.0026
    0.0025
    0.0025
    0.0024
    0.0024
    0.0023
    0.0023
    0.0022
    0.0022
    0.0021
    0.0021
    0.0020
    0.0020
    0.0019
    0.0019
    0.0019
    0.0019
    0.0018
    0.0018
    0.0017
    0.0017
    0.0016
    0.0016
    0.0016
    0.0016
    0.0015
    0.0015
    0.0014
    0.0014
    0.0013
    0.0013
    0.0013
    0.0013
    0.0012
    0.0012
    0.0012
    0.0012
    0.0011
    0.0011
    0.0010
    0.0010
    0.0010
    0.0010
    0.0009
    0.0009
    0.0009
    0.0009
    0.0008
    0.0008
    0.0008
    0.0008
    0.0008
    0.0008
    0.0007
    0.0007
    0.0007
    0.0007
    0.0007
    0.0007
    0.0006
    0.0006
    0.0006
    0.0006
    0.0006
    0.0006
    0.0006
    0.0006
    0.0005
    0.0005
    0.0005
    0.0005
    0.0005
    0.0005
    0.0005
    0.0005
    0.0005
    0.0005
    0.0005
    0.0005
    0.0005
    0.0005
    0.0005
    0.0005
    0.0005
    0.0005
    0.0005
    0.0005
    0.0006
    0.0006
    0.0006
    0.0006
    0.0006
    0.0006
    0.0006
    0.0006
    0.0007
    0.0007
    0.0007
    0.0007
    0.0007
    0.0007
    0.0007
    0.0007
    0.0008
    0.0008
    0.0008
    0.0008
    0.0009
    0.0009
    0.0009
    0.0009
    0.0010
    0.0010
    0.0010
    0.0010
    0.0011
    0.0011
    0.0011
    0.0011
    0.0012
    0.0012
    0.0012
    0.0012
    0.0013
    0.0013
    0.0014
    0.0014
    0.0014
    0.0014
    0.0015
    0.0015
    0.0016
    0.0016
    0.0016
    0.0016
    0.0017
    0.0017
    0.0018
    0.0018
    0.0019
    0.0019
    0.0019
    0.0019
    0.0020
    0.0020
    0.0021
    0.0021
    0.0022
    0.0022
    0.0023
    0.0023
    0.0024
    0.0024
    0.0024
    0.0024
    0.0025
    0.0025
    0.0026
    0.0026
    0.0027
    0.0027
    0.0028
    0.0028
    0.0029
    0.0029
    0.0029
    0.0029
    0.0030
    0.0030
    0.0031
    0.0031
    0.0032
    0.0032
    0.0033
    0.0033
    0.0034
    0.0034
    0.0035
    0.0035
    0.0035
    0.0035
    0.0036
    0.0036
    0.0037
    0.0037
    0.0038
    0.0038
    0.0039
    0.0039
    0.0040
    0.0040
    0.0040
    0.0040
    0.0041
    0.0041
    0.0042
    0.0042
    0.0043
    0.0043
    0.0044
    0.0044
    0.0044
    0.0044
    0.0045
    0.0045
    0.0046
    0.0046
    0.0046
    0.0046
    0.0047
    0.0047
    0.0048
    0.0048
    0.0048
    0.0048
    0.0049
    0.0049
    0.0050
    0.0050
    0.0050
    0.0050
    0.0051
    0.0051
    0.0051
    0.0051
    0.0052
    0.0052
    0.0053
    0.0053
    0.0053
    0.0053
    0.0054
    0.0054
    0.0054
    0.0054
    0.0054
    0.0054
    0.0055
    0.0055
    0.0055
    0.0055
    0.0056
    0.0056
    0.0056
    0.0056
    0.0056
    0.0056
    0.0057
    0.0057
    0.0057
    0.0057
    0.0057
    0.0057
    0.0057
    0.0057
    0.0058
    0.0058
    0.0058
    0.0058
    0.0058
    0.0058
    0.0058
    0.0058
    0.0058
    0.0058
    0.0058
    0.0058
    0.0059
    0.0059
    0.0059
    0.0059
    0.0059
    0.0059
    0.0059
    0.0059
    0.0059
    0.0059
    0.0059
    0.0059
    0.0059
    0.0059
    0.0059
    0.0059
    0.0058
    0.0058
    0.0058
    0.0058
    0.0058
    0.0058
    0.0058
    0.0058
    0.0058
    0.0058
    0.0058
    0.0058
    0.0057
    0.0057
    0.0057
    0.0057
    0.0057
    0.0057
    0.0057
    0.0057
    0.0056
    0.0056
    0.0056
    0.0056
    0.0056
    0.0056
    0.0055
    0.0055
    0.0055
    0.0055
    0.0055
    0.0055
    0.0054
    0.0054
    0.0054
    0.0054
    0.0053
    0.0053
    0.0053
    0.0053
    0.0052
    0.0052
    0.0052
    0.0052
    0.0051
    0.0051
    0.0051
    0.0051
    0.0050
    0.0050
    0.0050
    0.0050
    0.0049
    0.0049
    0.0049
    0.0049
    0.0048
    0.0048
    0.0047
    0.0047
    0.0047
    0.0047
    0.0046
    0.0046
    0.0046
    0.0046
    0.0045
    0.0045
    0.0044
    0.0044
    0.0044
    0.0044
    0.0043
    0.0043
    0.0043
    0.0043
    0.0042
    0.0042
    0.0041
    0.0041
    0.0041
    0.0041
    0.0040
    0.0040
    0.0039
    0.0039
    0.0039
    0.0039
    0.0038
    0.0038
    0.0037
    0.0037
    0.0037
    0.0037
    0.0036
    0.0036
    0.0035
    0.0035
    0.0035
    0.0035
    0.0034
    0.0034
    0.0033
    0.0033
    0.0033
    0.0033
    0.0032
    0.0032
    0.0031
    0.0031
    0.0031
    0.0031
    0.0030
    0.0030
    0.0029
    0.0029
    0.0029
    0.0029
    0.0028
    0.0028
    0.0028
    0.0028
    0.0027
    0.0027
    0.0026
    0.0026
    0.0026
    0.0026
    0.0025
    0.0025
    0.0025
    0.0025
    0.0024
    0.0024
    0.0024
    0.0024
    0.0023
    0.0023
    0.0023
    0.0023
    0.0022
    0.0022
    0.0022
    0.0022
    0.0021
    0.0021
    0.0021
    0.0021
    0.0020
    0.0020
    0.0020
    0.0020
    0.0019
    0.0019
    0.0019
    0.0019
    0.0019
    0.0019
    0.0018
    0.0018
    0.0018
    0.0018
    0.0018
    0.0018
